37.842817 -3.431671
37.725778 -2.224556
39.786606 -3.543937
37.194095 -4.897218
-40.501830 29.119084
37.324697 -5.232857
36.420420 -3.591238
-42.094166 30.367165
37.662420 -4.317162
37.301494 -5.251530
-40.505055 31.040335
37.765082 -3.898046
-42.402724 31.285237
39.953027 -4.058063
-43.839712 29.349358
-45.335724 29.791299
38.509549 -3.166902
-42.993927 30.125967
39.242055 -2.102837
38.070171 -2.859179
-44.260869 30.011354
39.862533 -4.651384
-42.768360 29.901004
36.784177 -4.189519
39.828674 -4.264033
-41.980101 29.234506
35.155488 -3.207469
37.838154 -3.341803
-42.562601 29.785755
36.868851 -4.572428
36.353097 -1.814492
40.207659 -1.363960
38.155440 -3.563117
37.437447 -4.987795
37.168470 -3.646588
36.435379 -5.854087
39.050843 -3.781028
38.992886 -5.332440
-41.301648 28.040270
-44.110684 29.437984
-42.122521 30.211272
38.133113 -2.695305
36.669995 -3.777628
-43.185274 30.988575
35.012800 -1.935430
35.720175 -1.466597
38.302726 -3.922360
-43.190221 28.369177
-42.088058 29.612134
-40.232019 28.195889
-42.971584 31.536177
38.039606 -3.159319
-44.051381 31.084263
-44.520544 30.425931
-42.648331 27.268541
38.200938 -3.704327
38.108612 -5.590792
37.949589 -3.450342
-43.486568 31.269513
37.802241 -3.053972
38.963659 -3.499343
39.716715 -4.186363
-43.651669 31.330568
-41.285960 27.089736
39.263865 -5.167951
-41.123449 30.811007
36.313802 -4.827790
37.484146 -4.453998
-41.483542 29.270437
-43.339316 31.803083
37.652655 -4.808805
-44.478498 30.208515
38.779628 -2.542930
35.569969 -3.213741
-43.663862 32.266229
-43.639907 28.583276
37.789530 -5.743605
-45.508652 29.434951
-44.452700 28.503508
39.391798 -3.990951
-44.612929 28.271793
36.951432 -4.435799
-44.090186 30.276665
35.619622 -4.769895
-44.538976 30.155148
38.969225 -2.574522
-42.336470 29.959051
-44.319792 31.138505
37.304788 -4.631033
38.950386 -4.332424
40.358961 -2.514980
-41.512598 28.286595
-42.198688 31.292254
38.968523 -2.201134
37.337814 -4.938220
37.483946 -2.534891
37.121012 -3.551265
-42.659147 29.778742
-43.626987 28.925444
38.702393 -4.994626
-43.171529 29.374609
-42.780708 29.672758
38.133203 -2.663090
-42.249533 29.338017
-44.856242 27.356165
-43.819772 29.352440
-43.544452 29.675393
-42.568479 30.955649
39.122632 -2.280564
-44.861507 28.878796
37.384995 -1.016312
-43.286037 28.884063
40.144116 -2.233139
38.646189 -1.849185
38.205437 -0.883956
39.102255 -3.198008
37.986535 -2.074442
-43.087108 30.836838
-44.161231 30.586324
38.735095 -2.341753
40.258940 -1.860698
-45.124948 31.725564
39.028639 -2.917209
-43.637074 29.845048
37.594101 -2.366305
-41.178279 28.632116
-42.901998 28.443679
-42.063386 29.309194
-41.241758 29.548627
-42.158605 27.809332
39.781661 -3.324442
-44.081384 30.777854
-41.187009 30.224019
38.652267 -1.976891
38.161433 -4.594681
40.517184 -2.233852
37.699748 -3.308355
-42.321754 29.555987
39.683627 -4.271473
-44.607110 28.970675
37.431954 -3.155845
40.158477 -5.239917
-42.877396 27.814540
38.592558 -3.711529
-41.737853 28.280849
-45.504816 29.371761
-42.538289 27.531058
-42.389953 29.572917
-42.292011 27.164848
-41.969555 31.829667
-43.526972 31.061868
37.371932 -3.642404
37.283606 -1.437652
-41.683574 28.858559
-44.291560 30.117307
-43.899885 27.640042
40.398973 -5.145861
37.239926 -3.622946
38.351313 -1.840533
37.444394 -2.140180
35.070874 -4.037199
-41.802548 28.592624
37.843833 -3.838304
36.760788 -4.065454
37.519313 -3.881498
-39.953785 30.891617
38.118776 -4.461614
-43.158709 30.608281
-43.797093 27.090925
35.885553 -5.065452
-43.818374 31.959973
37.251675 -4.020960
-43.226599 30.346657
-42.141484 29.092746
-44.208881 28.047122
-41.831343 30.279419
-43.986321 27.681786
37.337851 -4.882549
38.321068 -2.730460
35.260150 -3.264475
-43.357238 30.032514
39.000102 -3.909169
39.356173 -3.152159
-41.259351 27.872798
-42.302386 30.194710
-44.732056 31.299477
-43.834824 29.265797
-42.518099 28.883360
-44.282956 31.443215
-42.140636 29.854463
-42.963287 29.878300
38.968173 -2.238425
36.036850 -4.928811
37.286595 -4.736708
-44.261888 27.859785
-44.276541 29.760574
38.797023 -4.939279
-40.238281 28.503165
-42.459684 30.833865
-44.601694 30.455685
39.682341 -1.618882
37.543764 -3.079522
-44.626591 30.163093
38.591030 -3.651198
37.247552 -3.181072
-45.284555 27.986494
37.006497 -2.886544
37.833893 -3.630799
-43.155035 27.492399
-43.689780 26.946056
-41.921131 30.470681
-43.559356 31.202468
-42.478402 29.368608
-43.949177 27.367177
-43.492464 31.698675
35.865141 -1.122001
-43.475738 28.764440
37.780883 -4.082769
-43.949437 28.070600
-44.427043 30.339674
35.488107 -5.023771
36.341137 -2.108443
-41.932972 30.331461
-41.072710 27.643732
-43.020018 29.475971
37.629873 -3.139221
-43.654287 27.240692
-41.489586 30.005594
36.680344 -3.798822
-42.269302 28.218628
-42.939581 28.076504
39.045975 -4.870969
-43.715920 29.795980
-44.477879 29.256419
36.476973 -4.476007
37.335763 -1.217255
37.739135 -3.313549
39.372177 -5.864065
35.961392 -1.111075
36.431630 -2.964785
-43.110492 30.382780
37.039634 -2.789916
37.997899 -4.551868
39.287473 -4.344726
-43.290120 29.946815
-41.746620 31.718293
35.998003 -3.084384
37.175337 -3.428997
-43.127819 28.433618
37.933614 -4.220953
-45.014060 29.007309
-44.382743 31.111803
-42.370193 30.260747
-43.156803 29.611905
39.592049 -2.563450
-41.633685 30.189289
37.442982 -2.729999
37.985255 -4.147883
38.615056 -3.335097
-40.657998 28.878070
37.726706 -4.571722
36.883493 -3.552424
-41.811824 28.432652
38.011046 -3.235537
37.135170 -3.529416
-43.355095 29.622604
36.821831 -3.980831
-40.996103 31.829379
37.330001 -1.606005
37.394287 -2.291870
39.488842 -3.133054
-43.163966 30.611538
-42.990658 27.468051
38.760799 -1.283642
-42.200042 30.775848
36.114927 -3.617006
-43.459510 31.823888
38.665490 -2.564186
40.110520 -2.366060
-42.495855 27.962290
37.651484 -3.198333
38.308234 -0.450647
-43.579116 27.959086
36.016687 -4.603786
-42.857260 28.328604
39.511813 -2.730956
-42.166006 31.650799
37.595729 -1.570462
-43.715081 28.667935
-44.143683 29.242140
-44.540797 31.657373
-43.443849 27.911134
36.127682 -2.061174
35.327684 -2.672119
-40.914030 29.845125
38.691812 -0.866305
-40.660076 28.109476
38.180479 -4.393130
36.014605 -3.318058
-44.360707 29.675110
-44.069803 30.987352
37.631888 -3.404137
36.812709 -2.819782
-41.939782 30.677479
-42.684570 29.804160
-41.075688 28.894169
-43.648313 29.772678
38.408657 -3.279729
-43.654900 29.675258
-42.780329 28.952504
37.863167 -3.433816
38.546817 -0.754637
-43.807283 27.592422
38.915259 -2.884060
36.896389 -2.731258
-44.158864 32.016388
38.331976 -1.088038
36.662284 -4.918669
-42.646742 27.738035
-41.019509 27.675214
39.429004 -4.089459
38.894695 -4.345732
38.772782 -2.969848
-44.794898 31.377533
38.389088 -3.426387
35.694373 -5.455896
39.529773 -1.898397
-43.270081 29.994812
37.065479 -2.823496
-43.612942 31.171565
38.170470 -4.083539
-41.846686 28.061717
-44.798027 31.474326
-43.798008 29.732987
36.668972 -4.293735
-42.570000 30.656675
-45.146493 27.993549
37.960276 -2.732926
38.892558 -3.526473
38.369345 -4.220527
-45.396835 29.816858
-41.807529 31.509703
-43.804615 31.102400
37.633545 -2.677380
-41.366522 30.357770
-40.434542 28.132841
-44.353180 28.022909
36.912267 -5.831655
37.996743 -3.541382
38.170995 -3.888134
39.064881 -2.924609
-41.998290 29.778866
-42.339901 32.204552
38.517889 -1.736264
38.063854 -3.138457
38.082053 -4.543500
38.878578 -1.760476
36.549582 -3.848482
-42.616520 30.887102
-44.276869 31.231253
-43.293208 30.213020
-43.690280 32.420708
-42.411803 30.763636
37.246537 -4.069908
-42.441366 29.585511
37.383663 -2.223566
36.215390 -4.222423
37.744696 -3.415307
-41.371604 28.084931
-44.185515 28.770225
38.130292 -2.519863
-41.773194 29.706557
37.386012 -3.326750
-43.471639 29.072871
-42.847885 29.078590
-40.579325 31.409460
-41.976116 30.372381
39.912546 -1.920925
-44.010697 29.025048
-43.957769 32.507343
38.392852 -5.299447
35.325676 -5.158599
37.272393 -3.192936
-43.131933 28.432076
-43.197298 30.743072
-41.221785 27.340979
35.942605 -4.924636
38.074152 -1.932317
37.123187 -3.081424
-42.970238 30.467339
-43.260808 28.317136
38.484436 -0.870283
-40.822822 29.150682
-39.877133 30.461920
-44.558947 29.046892
-43.443971 30.694412
-44.174292 31.041662
-42.034093 27.908640
38.677398 -2.835266
-43.831753 27.938220
36.207609 -1.051520
40.249789 -4.560256
37.807271 -3.593227
-44.230152 29.057032
40.088420 -2.064001
38.970887 -4.873319
-43.355950 29.724161
-43.380144 29.331213
38.588043 -3.192306
38.305383 -2.355534
38.730619 -1.505725
36.716508 -1.671601
37.085654 -2.286563
-44.296392 29.356348
36.882873 -2.901342
36.776971 -2.967218
-44.832463 31.858899
39.180052 -2.254608
35.835385 -2.736630
36.744838 -2.527534
39.318651 -3.733571
38.396367 -2.610001
-43.264137 29.856729
36.111535 -4.454476
37.306638 -2.318283
38.279284 -2.586594
-41.451549 28.775979
37.053664 -2.227296
-42.929484 29.260398
37.691579 -2.821010
37.141574 -2.912057
-43.163162 29.964249
36.983399 -4.307320
-41.364348 29.023095
36.858432 -4.446784
37.637472 -3.717939
35.400064 -2.759860
36.958708 -1.822885
37.379741 -4.585382
-42.954973 30.213968
37.135707 -1.951262
-43.052790 28.888597
-43.817847 28.809085
39.734467 -4.218091
39.095218 -2.467084
37.445327 -2.877597
-42.875078 30.255349
-43.201528 30.302249
-41.926260 28.638595
40.462075 -4.655243
35.991942 -5.220189
-42.919168 28.206907
35.325116 -3.061407
-43.183185 29.264194
-41.018034 29.980447
37.779299 -4.351192
38.032626 -3.044113
36.789327 -5.199318
-44.223622 29.579416
-42.671412 28.107182
-42.144572 30.024626
-42.481954 30.886053
-40.458088 29.081733
-44.065272 30.735661
37.257161 -0.884951
38.069132 -0.582714
38.378838 -3.776006
37.154222 -2.921527
-43.571923 29.188663
-42.039643 27.816647
36.099471 -1.547856
-41.879589 29.524162
38.823957 -4.694478
-44.381136 29.850820
38.381073 -3.783194
-43.294294 30.432607
-42.593215 28.653058
-41.238606 30.269785
-44.586237 28.422043
35.580599 -1.923812
37.125959 -3.985103
37.569657 -3.731112
38.318006 -2.977659
37.244016 -4.765428
-43.903742 27.595155
-43.603628 31.738580
-41.542778 30.289142
38.911628 -1.588724
-43.539784 29.127930
38.142598 -2.422702
-43.202426 30.280891
36.883439 -2.640686
35.820149 -2.863904
-43.334224 31.040016
-42.190614 30.855270
39.295524 -2.532335
-40.532164 30.204516
-42.742917 27.980856
-40.985517 28.819631
36.488067 -2.058619
35.179708 -4.681113
-42.821421 30.239644
-44.012469 30.782685
37.174631 -4.287794
36.042967 -4.072877
-40.793257 30.318850
36.451199 -4.646621
37.342953 -2.494736
37.243704 -0.905335
-41.330498 30.090758
-42.341551 29.979552
-40.829957 29.581897
36.102540 -0.528842
-43.400336 28.809164
-42.072806 29.367283
-42.177761 30.486286
-43.696969 29.708664
-41.614762 29.846321
40.431336 -2.538213
38.391761 -1.192095
36.918125 -4.036274
-42.724088 29.050224
38.864354 -3.843118
-40.539150 30.140060
38.646254 -1.597785
-42.035436 31.886421
-40.750246 32.297555
-41.163990 30.732226
37.022943 -3.147928
38.064678 -1.400329
37.906283 -3.241880
-42.686404 27.360115
-41.056592 30.313356
36.648116 -4.138071
38.516480 -5.588711
38.753280 -4.806673
37.213721 -3.662095
-43.726134 28.509290
38.583600 -2.330991
39.887044 -4.496404
-42.972159 27.592774
-45.245082 30.128555
-41.248612 30.867081
-44.432168 31.391857
36.121808 -4.399983
-44.709265 30.985446
38.932434 -4.093842
36.782112 -3.584746
-42.228662 29.780930
-44.835402 27.193772
36.264096 -3.740036
38.690852 -3.587349
38.252648 -2.114171
-40.747013 29.505820
-45.261575 28.563817
-43.439429 29.347665
35.775881 -2.256192
36.327698 -3.902096
37.729354 -2.697873
-42.541306 29.073632
-43.255408 29.814828
-41.387714 29.491165
-45.003835 30.897119
35.780620 -1.564598
-43.454496 29.729242
39.010018 -1.314102
36.709018 -1.446763
-44.596871 29.744236
-41.057891 28.757409
-40.980436 30.406510
-40.777626 29.791569
38.903845 -4.780110
-43.648691 29.942298
36.599834 -5.944512
37.958648 -2.075191
-42.420536 29.356764
-42.574368 28.926002
-42.914168 30.674902
-41.613263 27.643935
35.384483 -2.700561
-42.576156 31.062779
35.207964 -1.700121
38.344495 -4.846991
35.504540 -1.459006
-40.926493 29.351809
-42.766307 27.330429
38.920307 -4.145876
39.061791 -2.254738
-43.501392 31.330368
36.121024 -0.543542
-43.092764 30.217522
38.262617 -3.604439
-40.093463 29.033766
-43.857834 29.895540
37.849691 -2.519788
-43.488809 31.286527
-42.065911 28.056442
-40.427806 28.198028
-44.569723 28.872770
-43.167294 29.627323
-41.654133 29.604543
-41.968431 29.816490
39.737002 -3.891371
39.008731 -2.745836
37.329364 -2.632558
-42.224950 30.620863
39.217627 -4.689325
38.053117 -2.747073
-40.732932 28.942631
-44.878956 30.911104
-41.628467 31.128758
37.511043 -2.320131
39.784535 -3.081077
-41.502191 29.471716
40.347954 -1.760654
39.592094 -4.923781
39.265745 -3.069580
40.087477 -2.764837
38.399516 -2.958063
35.440289 -4.159880
-42.642466 31.543671
37.381782 -3.040814
38.679754 -2.318947
34.989348 -1.584209
38.647202 -3.668985
38.665109 -3.716128
37.544083 -2.656513
-43.058492 29.014563
-42.151308 30.241396
38.624082 -4.657464
-41.864483 28.951879
40.160624 -3.182216
40.566060 -2.093572
36.802793 -2.967781
39.052451 -3.245745
38.033197 -1.960421
-42.816032 30.896854
39.913052 -2.371522
39.387748 -2.011701
-42.409450 29.366096
38.402221 -3.362085
-42.992987 27.895075
-40.862484 27.962831
-45.330776 30.263711
38.111599 -3.927901
39.889924 -4.851624
-43.580804 28.355831
-44.022285 30.735943
36.249999 -1.244269
-42.541005 31.225210
-43.807383 28.020100
-42.507964 31.518990
-43.277072 30.573076
-42.243748 28.811583
-43.627652 30.416238
37.497690 -4.002719
-43.109227 29.030963
36.973313 -3.240989
-43.198987 27.047766
38.985955 -1.149129
-42.142532 28.445517
37.764600 -2.085001
35.593804 -5.263491
39.571136 -4.158708
-42.923220 28.083602
-41.230109 30.105134
-42.200592 29.896536
-43.463110 28.891990
-44.125275 28.945461
38.440911 -3.100102
37.682696 -3.590991
-42.833295 28.053765
37.018835 -4.310949
-40.610727 28.542345
-43.878814 29.905530
37.783357 -5.750794
-42.497526 30.231005
37.986083 -4.958563
38.316301 -3.540598
36.924510 -2.674126
-43.416846 29.753228
37.198063 -2.184423
-45.134964 28.366421
-45.561862 27.971774
-43.424029 28.704434
-41.838667 29.631989
37.665480 -1.633561
-41.159648 28.209052
-42.662479 27.423189
37.267046 -4.426232
36.259016 -4.313983
35.571053 -0.860506
-42.570216 27.510654
37.676936 -2.463658
-42.701121 30.559634
35.113013 -3.710154
38.055928 -3.215333
38.896262 -2.362633
-43.459658 31.464314
-42.230756 28.582583
37.649932 -2.125738
-42.399337 27.207612
39.367130 -4.908118
-42.740980 29.547171
35.448618 -4.466518
38.478258 -4.874606
39.604615 -1.774031
-43.443781 28.439984
-42.800347 30.157282
-42.177225 28.443475
-41.742624 29.715161
38.476398 -1.384549
37.822015 -4.922411
39.244092 -3.018832
39.792823 -1.876978
-43.373848 31.014543
-42.011510 30.302607
-41.837396 28.341833
36.977754 -3.791751
40.204817 -3.339340
39.149524 -1.553315
-43.079922 28.994999
39.465527 -3.158920
38.155494 -3.723912
-42.544065 30.394121
37.422440 -1.487352
-43.212918 28.310626
-40.851124 30.749784
-44.905746 30.382345
37.327748 -0.283595
-40.379690 32.459712
-42.872482 29.939697
-42.093325 28.973084
36.415661 -2.679930
-42.733845 30.232155
-43.021439 29.407144
-45.290668 31.107089
37.949277 -2.120029
-41.741043 30.404025
-41.337700 31.108697
-42.746529 29.210672
-42.790143 29.144703
37.644498 -4.655029
38.091867 -1.500005
-42.703335 31.287613
36.741426 -4.862669
35.381422 -4.671810
-43.103901 32.332711
35.874435 -3.940130
38.314523 -3.865644
36.202044 -3.050969
39.282717 -0.907540
36.253099 -2.341394
-42.791775 31.487050
-42.722180 29.578567
37.558264 -4.946847
36.729155 -3.801796
37.125803 -3.847493
-41.603842 29.833700
-41.091654 31.212816
-42.799913 29.728915
36.451079 -2.888272
37.260470 -2.683109
36.417631 -1.071243
-42.861965 31.863831
-41.936296 28.751953
-40.839162 29.603870
-44.423667 31.171767
37.558675 -2.946930
-41.599566 30.439749
38.010364 -4.709939
-43.820371 28.008660
-42.006585 32.166397
37.227541 -0.847578
39.428694 -1.822235
-44.160571 29.933540
38.830932 -1.217776
-41.334311 29.998566
-42.832942 29.124151
35.030205 -3.685477
-43.430052 30.107708
38.708090 -2.290072
38.252658 -4.770076
-43.155803 31.183422
38.255859 -4.121056
37.993840 -3.997511
40.112152 -2.960375
-42.575739 30.000557
37.824905 -4.733797
39.225773 -4.124609
-41.163771 28.950867
39.272063 -3.949742
38.011880 -3.938513
37.085689 -3.819358
-41.316502 29.126768
-45.360501 29.459790
-44.473205 29.025745
-42.126022 30.213408
-44.888958 28.319724
38.071427 -1.971530
-42.117151 31.289289
-45.291646 30.562072
37.845404 -2.420848
38.314404 -4.691663
38.012775 -4.381444
37.280983 -4.181924
38.930221 -5.384359
-42.038961 29.855419
37.858783 -3.437107
-42.552404 29.495197
-42.312993 30.989154
-42.255983 31.051744
37.658098 -2.918179
39.409388 -5.241644
-41.177440 31.316496
-42.573154 29.161001
40.034527 -3.706591
36.343707 -2.504148
39.566888 -1.628710
38.139344 -1.448915
36.450369 -1.693932
38.962457 -2.809117
39.020461 -3.895785
-41.652446 31.606040
-42.233701 31.038503
-44.612124 30.622265
36.726175 -2.019378
-45.531336 29.908171
35.463395 -4.325455
35.937446 -2.440752
38.298749 -2.473950
-42.950281 29.799088
36.880235 -4.392239
-45.042178 30.540241
-41.555393 26.939891
-42.697962 27.813355
-43.485432 27.943480
-42.042956 28.775603
-42.977691 28.187494
37.562607 -0.498708
-41.502622 28.432613
-44.104129 29.583789
36.915431 -4.121460
-42.783682 28.476328
-42.393120 28.070444
39.065273 -3.280747
-41.449866 30.732621
-42.480141 27.295518
-42.254750 32.391118
-41.297060 30.328494
37.403059 -3.365771
36.552752 -1.995299
-43.800855 28.187743
38.131751 -2.116348
38.107433 -3.155759
-41.428453 30.001438
-43.274299 28.737884
36.270150 -3.268813
36.359600 -1.643336
-42.649272 29.237313
35.796837 -4.925252
38.563730 -2.403292
-44.241478 27.543435
-43.675106 30.561086
37.033946 -2.379887
37.884636 -3.829180
-43.167840 30.205621
38.291755 -2.855175
36.410611 -6.039529
-44.557816 30.455656
35.069999 -4.343206
36.962748 -4.815952
-43.660532 31.691663
38.879740 -2.062908
38.417944 -2.514596
40.493550 -3.216209
-43.936434 29.381170
36.695033 -3.645725
35.917698 -2.896872
-45.438699 28.476650
-44.975961 29.836313
-43.936071 30.580240
-44.598535 28.315842
-41.460601 28.979028
37.030553 -4.613401
-42.615081 31.955645
-42.521013 29.739215
36.744259 -3.836512
38.639964 -4.980865
-44.059521 28.185384
-41.979394 32.072721
-41.336290 28.648115
37.392130 -2.794012
37.134581 -4.416320
38.668064 -4.331639
37.459916 -1.157048
-43.537785 30.896518
38.808306 -4.706791
-41.895890 29.763526
36.550117 -4.929822
