-22.524284 -33.260919
8.077049 49.611667
7.562366 51.033452
-21.985448 -32.084904
-21.155331 -33.731547
40.912991 -20.507147
-21.898353 -32.497743
9.238001 51.660488
-20.704712 -35.711323
-22.279791 -32.239400
40.453485 -23.547079
-20.871093 -32.128976
-23.839143 -32.827336
41.187809 -22.361580
-23.230382 -34.817446
42.342147 -22.634397
-24.543897 -33.649577
42.461205 -22.548767
8.839650 50.684567
42.583023 -21.070490
-21.266550 -32.485707
7.035677 52.354556
40.378932 -22.720256
-21.394118 -33.644597
-23.885889 -35.520370
7.407241 49.286278
6.946873 49.034762
41.262600 -23.624030
6.058113 50.115200
-22.335780 -35.437977
9.418621 49.273293
40.740310 -21.312755
41.209716 -20.879651
-22.784035 -34.986964
6.928417 50.121887
39.735240 -20.784917
7.824705 48.514481
7.439652 48.843072
42.885545 -24.970792
7.729492 49.369477
40.793702 -21.616845
38.188763 -22.723414
39.178273 -23.341149
-21.738222 -32.561278
40.493473 -23.091315
6.495206 50.195435
6.861543 51.659264
-23.388419 -34.978701
42.668249 -22.492055
-23.719971 -35.039357
5.912452 48.459888
7.360375 46.787778
5.495819 47.849493
39.986588 -23.950755
8.265378 47.290414
6.524505 49.009572
-21.342539 -33.723088
-21.152468 -34.071462
-21.640935 -32.466535
6.481843 49.623321
38.374858 -22.321514
39.424530 -25.528492
39.729969 -23.118189
9.911848 50.156973
40.201888 -23.673334
-22.610763 -34.978728
42.608074 -24.196616
42.334035 -25.516196
40.185584 -24.781004
40.125017 -25.291872
-23.445108 -32.467360
-22.426406 -35.353194
40.885586 -24.990269
-20.318197 -33.705794
-22.125305 -34.123181
6.619793 52.373123
-22.008329 -34.073218
7.363475 47.659228
41.908555 -20.961036
6.003740 49.897882
42.339423 -22.100730
-21.063715 -32.208924
5.856221 50.997546
40.361881 -23.331664
39.259842 -22.505790
38.722650 -21.084678
-20.697742 -33.222518
39.307371 -21.303365
6.693528 48.268224
-21.957371 -34.770017
-21.624473 -31.982358
5.588966 50.618713
41.384191 -23.275791
6.241205 48.805645
5.077421 47.953100
-21.935273 -35.191397
5.449763 49.570534
-21.244487 -33.941225
-22.353778 -31.444290
-21.191749 -34.114211
40.474554 -24.780818
7.903938 49.238150
6.404713 50.746069
-22.585435 -30.879023
-19.806296 -32.584305
-20.942215 -35.918681
-21.019467 -33.642956
-21.168569 -35.950555
8.482920 51.354002
6.630022 48.555782
-22.522644 -31.934613
8.080659 49.655667
7.989820 50.451776
38.279072 -21.777973
41.545268 -22.014891
6.851037 51.032502
39.846497 -22.864682
7.189307 49.893050
38.500091 -25.240267
40.903038 -22.814732
-21.417912 -32.470634
-20.005223 -32.135936
40.222471 -23.643688
-21.688618 -31.046001
-21.583909 -30.890435
6.635737 48.269741
-24.286310 -34.606631
40.378558 -25.786723
42.727310 -22.930581
8.227642 52.084748
-22.666660 -33.859234
-23.184630 -35.247665
39.222839 -24.398613
8.300291 49.130938
9.474885 48.387071
5.667708 50.680610
39.025265 -23.497697
7.444890 50.578733
-23.096780 -33.213128
-21.702905 -33.975410
8.176518 48.293655
-21.999933 -31.087151
5.123073 50.477282
5.737592 50.855068
39.550809 -21.520576
40.256314 -24.063841
39.012795 -22.184409
-22.428437 -33.337680
5.894939 48.978242
38.366008 -22.182502
38.389175 -23.407856
41.382607 -23.505972
-21.503485 -33.774570
7.446735 47.977031
9.803545 49.655033
40.396647 -23.070987
38.090630 -23.611797
-21.803652 -34.428295
-23.232003 -32.352362
37.874004 -22.719219
41.963468 -21.096793
-22.583364 -35.484173
7.559423 50.482346
-22.594489 -33.740747
6.631075 50.929926
-24.667097 -36.261484
-20.346426 -31.387166
40.783776 -24.485890
39.996352 -25.213103
8.495167 50.379171
-21.323347 -34.688144
-20.062997 -33.600198
8.145602 48.147607
8.427951 50.491556
42.136093 -20.861224
-23.469912 -33.532842
37.804026 -22.081120
-20.680740 -32.660084
-22.210993 -33.129490
41.436766 -22.887288
-23.517829 -31.671771
-21.782308 -35.781571
7.521972 51.041322
5.699449 47.792743
6.569287 50.576812
-21.386447 -34.652313
41.905300 -23.243297
38.549646 -21.311511
42.586062 -24.754970
39.613364 -25.167232
6.141003 50.590125
40.831141 -24.093206
-22.380902 -34.465314
38.506725 -25.961787
5.542520 49.268290
9.419987 50.260026
39.888649 -21.652612
-22.646502 -33.173756
-23.582354 -36.270754
-21.269548 -32.481788
-22.094308 -31.851158
-22.571492 -33.147248
-21.030183 -32.765091
7.343853 49.814381
7.494512 50.733900
6.342499 48.864203
-21.009046 -32.871144
-22.861039 -32.355409
-22.258131 -32.221131
-21.331344 -33.664173
5.740281 52.296931
40.037270 -21.075929
-20.456911 -32.446110
8.156356 47.916400
-22.766548 -32.367736
6.849852 48.641334
40.001058 -23.623553
-23.427460 -34.026396
5.125300 50.251487
39.939689 -23.307615
39.442956 -23.399461
-23.779490 -32.909783
38.823612 -21.772503
-23.200015 -31.553828
40.853425 -23.641306
7.844397 52.059320
41.476708 -23.144820
-20.934475 -31.822697
-22.457792 -33.182910
-21.959458 -32.805734
8.142803 48.753088
42.127075 -21.244553
41.493380 -22.072302
40.244038 -23.009174
39.219079 -23.025076
-19.934527 -34.142224
6.480520 48.171748
41.857774 -24.039866
37.931357 -23.463552
6.926801 51.463671
39.552088 -21.231578
-23.813185 -34.546325
-22.139738 -31.907674
-23.555567 -33.173866
-19.962315 -35.812103
-21.941427 -34.121666
-22.525373 -32.132411
5.612929 50.706350
-22.413957 -33.410789
40.471073 -23.473538
7.473004 47.190467
40.564690 -22.196901
-21.502728 -34.250166
-21.871905 -34.686674
40.911125 -23.651945
-24.183735 -34.303027
-23.107441 -34.544473
5.271325 47.782437
38.989047 -23.666897
6.786088 49.289899
-21.586670 -35.492841
-23.329562 -34.911681
-22.950388 -36.257602
-22.325923 -32.697176
-21.891977 -33.784653
6.916636 49.059149
6.581127 50.309045
40.652186 -22.236791
39.766123 -23.287034
-24.482633 -32.665362
-20.078478 -34.837484
-22.100423 -33.008636
7.252534 49.282031
41.636914 -22.840175
-22.018898 -31.670558
-23.072717 -33.428408
42.617957 -22.261466
41.281049 -23.230901
41.902898 -21.463690
9.462593 50.389508
7.038773 49.647071
-22.285312 -33.691527
-19.324808 -33.447067
-21.829420 -31.961629
6.557926 51.375933
39.900849 -21.625706
40.620934 -23.667648
41.161740 -22.218843
6.810406 50.508892
-24.015367 -34.542175
38.477267 -22.137838
-20.893621 -33.472688
7.983110 50.723448
-21.744926 -33.478668
7.378543 51.269319
8.786307 49.785899
-21.505218 -31.134597
-23.106146 -32.968232
-22.733533 -32.550094
6.008037 48.051178
6.941042 51.461806
-21.449503 -34.916458
-20.958069 -33.567331
6.584075 49.578558
8.104267 49.738332
4.999972 48.708205
-23.581037 -32.047122
41.206375 -21.371083
6.963653 50.710394
39.756872 -23.605675
-22.725498 -33.488973
8.067641 47.441263
-22.305067 -32.337629
7.164282 50.279328
7.054535 50.365052
-22.304549 -32.469601
-21.115749 -35.069898
41.103507 -24.040021
-24.391211 -31.602837
8.460033 48.227282
-22.132614 -33.772314
-20.580270 -33.600657
39.089619 -24.904409
9.067175 49.662074
-21.462556 -31.665887
39.535589 -24.189725
-22.417765 -34.578287
-21.647527 -31.400572
5.958894 49.813291
39.990266 -21.298498
7.990164 49.960534
-20.397122 -36.207775
-22.880821 -33.016524
-20.294153 -33.415949
-23.360579 -31.989484
42.182631 -23.150016
38.645062 -25.585946
-23.978394 -31.257936
42.478103 -24.153084
6.083623 50.281679
-21.352165 -34.342270
40.363763 -22.689274
4.966453 51.183541
-19.700213 -36.110374
7.974401 47.459112
7.506450 47.913987
40.727556 -20.948789
6.641751 47.426314
6.840769 51.827714
-22.666829 -33.917834
40.897497 -22.973394
39.572727 -20.608175
9.101804 50.965881
-19.296556 -31.249905
-21.539171 -33.874627
7.378153 48.052010
41.906072 -23.333578
41.008079 -23.220687
40.733007 -23.201493
6.446799 51.398515
7.521591 50.374270
8.303397 50.269376
41.600512 -24.156983
-23.143397 -34.679365
42.934730 -22.193286
-22.108582 -34.346653
-22.147561 -31.830753
7.244809 49.676465
6.873666 49.118236
40.855780 -23.853820
42.095112 -22.945295
7.041429 47.509586
4.559960 50.368619
-22.095151 -33.074416
7.842269 48.874869
-24.113499 -33.002647
38.163279 -24.885247
9.826998 49.858471
-22.232538 -34.371894
6.387602 49.975921
40.636380 -20.286023
38.520249 -23.492377
6.611758 48.989228
-20.531353 -31.094121
40.885979 -22.431186
-23.749508 -32.497398
8.435572 49.193092
37.610759 -23.534849
5.873132 49.365987
41.141394 -23.670617
-21.629535 -32.426832
37.938608 -22.923088
-21.908116 -32.383165
5.911071 47.849621
39.642126 -23.370001
8.639051 51.605706
-21.749493 -33.980905
41.840240 -23.609635
39.733353 -25.363653
5.391003 48.799824
-22.678027 -33.709761
-22.607771 -33.702906
5.549230 50.208588
-22.201976 -33.670270
-22.585527 -32.744228
39.885930 -22.172509
-22.807021 -33.952446
39.517049 -22.484677
42.328921 -21.896794
39.190602 -22.692794
8.786667 48.765543
8.779109 51.078188
-23.991439 -35.190855
-21.542283 -32.937793
41.146636 -25.702764
8.125358 49.376977
7.053708 49.824144
7.332146 49.900729
8.386961 47.101881
-23.353531 -33.493318
41.915919 -23.993104
-22.443547 -33.125276
6.044773 52.314165
40.067693 -21.869860
41.369074 -24.124737
-23.023730 -31.794435
9.516304 49.036009
-21.421943 -34.265183
-23.157992 -31.549223
-19.993587 -33.832555
39.958913 -22.325836
7.947834 49.196682
38.201400 -21.989945
38.760852 -22.047744
39.285463 -24.364432
39.305988 -24.931536
5.644927 50.694465
-22.016121 -32.409221
6.133381 50.361455
41.867750 -25.041723
7.693946 50.813643
-23.082737 -33.365797
5.611245 49.508208
6.421187 51.041821
9.637101 49.885708
-21.005782 -35.159528
-22.108322 -35.459444
-19.767260 -32.307994
8.852298 48.486901
-20.422798 -36.081305
4.654770 52.372287
40.562519 -22.957003
-20.645514 -33.596925
6.420453 52.291085
5.101122 50.060470
7.988803 50.432581
39.478808 -22.373133
38.408020 -22.478439
9.216741 47.899108
-19.527617 -34.858946
39.536614 -21.902159
6.295273 50.412721
6.431855 50.311490
40.019080 -23.704873
40.184316 -22.682531
38.728631 -23.937594
39.472568 -24.778817
40.677158 -22.924038
38.539192 -23.095983
-23.735142 -34.249888
-21.772804 -31.249265
-20.694420 -33.989343
6.231741 48.687098
40.830241 -24.828205
41.235545 -21.812770
-21.477740 -32.709191
9.149251 52.261488
8.996074 51.005708
-21.994458 -32.706039
-19.890600 -33.863280
42.285962 -22.850883
-24.401300 -32.316568
39.978168 -23.137826
6.297221 49.894825
6.724330 48.868136
8.506446 48.699110
5.691565 51.558477
41.795281 -25.367092
-21.750555 -31.269749
41.426449 -25.363660
40.127663 -20.965476
41.365219 -23.185463
8.608364 48.491782
42.534097 -24.566118
-23.934982 -32.563194
38.717310 -22.000303
39.853474 -23.955942
-20.960572 -35.059254
-22.198523 -32.918863
8.053166 49.767594
40.309453 -22.749986
40.366814 -22.211839
7.319089 49.970666
6.706947 50.430111
6.968564 49.985652
-22.325833 -32.675659
-23.301516 -33.117085
-22.551167 -34.043538
41.514353 -23.959608
40.932584 -23.773599
7.497835 49.296213
-20.743564 -33.291682
8.434736 52.272285
8.787368 48.860840
-22.073911 -34.024287
6.513313 51.343614
6.547629 49.858440
-23.732002 -34.557902
-20.559355 -32.104337
-21.224865 -36.380263
40.216009 -21.801779
7.099302 49.800480
6.451894 49.936424
41.539844 -24.464588
40.325510 -21.286651
-22.266054 -32.311581
38.604092 -22.817360
6.883244 52.178646
-22.102471 -35.879044
7.394674 48.042706
41.754132 -24.730188
41.109648 -24.386423
5.598781 49.001815
-19.857290 -33.900941
-23.387798 -32.403001
-22.703019 -36.096242
9.220566 48.475298
41.037086 -22.830617
4.455574 49.049344
39.472057 -22.758749
8.076115 49.554415
6.157331 51.360580
-22.935576 -35.429934
5.941567 49.232820
-23.733795 -31.841484
-23.274107 -32.890546
-21.060339 -34.506760
39.707825 -23.668946
5.867535 51.775678
6.624056 49.501791
-21.126408 -32.502756
-22.433799 -34.900921
8.819093 51.674278
-21.792504 -34.705811
38.473560 -23.670443
39.742748 -23.367933
7.336861 48.392573
-19.725154 -34.194753
38.984543 -23.606343
7.440254 49.246988
39.786204 -24.417588
41.587312 -22.327931
7.239755 49.230062
42.126337 -25.478907
-20.585224 -30.840172
-21.489432 -32.547095
-22.601691 -34.228948
37.594436 -25.249176
-24.577735 -32.267933
-24.424853 -32.014921
-24.415024 -34.813133
4.701325 51.152296
39.424265 -22.020030
-24.308864 -36.401779
39.205220 -23.171890
39.201067 -25.306750
38.144437 -21.738940
7.421398 48.291055
7.243868 49.654676
39.499197 -24.733398
38.782612 -22.563538
41.727845 -25.790435
-19.940692 -33.385254
40.519776 -23.657877
-20.146902 -34.644239
7.233428 51.475911
-20.391511 -33.549714
-22.483188 -32.751397
-22.930046 -35.363821
41.481622 -22.958722
40.116647 -24.247118
41.708921 -23.757091
5.295127 49.868113
40.533386 -23.012210
41.957617 -22.227797
-21.276659 -34.600299
6.348824 49.501302
-21.809920 -34.539790
41.683783 -23.160223
39.959128 -22.732930
6.128948 49.156114
41.128464 -23.745913
6.038419 50.590256
9.252903 50.139869
-20.413638 -34.399973
-20.318016 -33.808977
-21.158464 -33.739746
-23.061415 -32.589795
38.469011 -21.670948
-21.425016 -35.359840
-22.598653 -33.178574
-22.836714 -32.938670
6.011702 51.254361
38.338743 -23.556149
-20.094304 -33.967669
41.080802 -22.728211
-21.525012 -33.642985
6.868302 48.549253
41.127325 -23.596394
-21.963456 -34.799131
41.023001 -24.755860
7.780377 49.454821
-21.724693 -33.607525
40.610483 -24.312983
41.561969 -25.672938
39.944618 -24.489346
-22.661613 -35.074843
-21.293890 -35.683778
-22.976986 -33.449185
5.785773 50.312569
40.918114 -25.808237
41.848577 -22.953250
39.050112 -23.818818
-23.535869 -34.210901
40.779993 -24.952520
39.306200 -24.134509
-22.335946 -34.727722
9.780654 47.754971
-20.118225 -33.966699
6.097102 47.550576
-21.193880 -32.980250
39.517445 -24.041031
-23.634427 -34.584690
6.882383 47.603322
-20.776464 -31.124396
40.841261 -21.185136
8.512300 50.716288
6.336324 49.987785
-20.063716 -32.560150
40.256752 -23.728218
6.106009 52.108159
42.136570 -21.232327
-19.600158 -34.159225
40.058666 -23.150303
-22.566067 -33.941011
8.038256 49.757628
-21.188780 -34.435875
-22.930409 -31.466905
7.855360 50.674830
38.625328 -21.527533
7.292085 49.957825
7.926156 49.306918
-24.250237 -31.741505
5.613758 49.725668
-21.964373 -31.923337
6.383124 49.828640
-22.916227 -32.309135
7.633020 47.730863
-21.767930 -34.293442
-21.741727 -33.306049
39.801098 -24.979431
40.819037 -22.728345
6.802212 49.772351
42.547451 -24.866319
5.714968 51.334388
6.183135 50.147646
-21.577911 -32.348885
8.531125 48.687303
-20.569007 -35.622497
-23.208285 -34.150616
9.189460 50.721205
40.242248 -24.856831
40.938190 -22.342759
39.544359 -23.707742
37.812090 -24.449287
7.833557 51.975465
39.009239 -23.095972
-20.363114 -33.808098
-22.247569 -34.044233
41.326709 -21.345228
-21.488239 -33.489194
-23.085380 -33.493754
41.775662 -25.062564
40.130167 -22.145606
6.681887 51.114204
40.723589 -23.782631
6.860537 48.851881
38.951777 -21.494601
7.540227 49.719889
37.426143 -21.403503
5.342619 49.683536
6.878539 51.909479
7.217134 49.880796
-20.397909 -35.203984
40.352534 -21.249464
6.528230 50.348297
38.951706 -21.503247
9.272622 49.456686
6.646936 51.108327
41.639053 -25.022777
-21.398050 -32.146038
7.387521 50.751574
5.174868 48.992302
5.508187 50.966914
40.733020 -25.409765
37.636384 -22.104133
6.598688 48.624298
-21.550446 -33.509359
38.004536 -23.888222
7.262260 49.924510
37.932285 -25.010765
9.306066 50.058393
-21.613399 -34.554741
8.141065 47.857896
5.545812 50.792475
-23.016850 -35.307337
39.249922 -23.724749
-23.496191 -33.080145
40.207822 -21.462540
-22.532975 -32.304643
40.317681 -21.763975
-23.892827 -31.959999
38.115393 -23.026149
38.042179 -25.347391
7.020092 52.567644
-19.524762 -35.244877
-20.673363 -34.582584
-22.920008 -34.215557
41.519496 -21.439061
40.718806 -22.259583
-22.002271 -35.132876
39.057850 -22.953245
40.695431 -22.796177
40.778641 -22.654292
8.955171 51.575540
-20.611651 -33.802218
40.718429 -21.632743
37.877935 -23.068769
7.369486 48.852190
39.452690 -24.381925
8.850306 51.863293
9.331690 50.180175
38.250384 -23.243443
6.706690 50.359555
-20.975458 -34.412281
-21.510694 -34.235924
8.460839 51.820621
-21.043473 -32.468181
6.692208 48.013803
7.814550 48.123012
42.141732 -23.277399
38.754867 -22.777237
-23.321310 -34.779294
7.859801 48.329041
8.872665 50.792624
40.245792 -22.460886
41.198915 -22.521671
41.473907 -23.132829
8.899289 47.925644
6.522000 49.735868
5.583014 49.604196
-22.344072 -33.383967
5.920671 48.472421
39.302861 -21.355176
-22.872068 -31.545543
-20.707760 -35.373157
40.536437 -23.462294
8.988001 48.837500
-23.099894 -35.662627
7.400337 48.076299
40.490057 -23.635642
8.198768 48.459911
-23.929623 -32.424013
-22.872827 -32.612507
40.293743 -22.393304
40.930148 -21.815752
5.305975 50.863191
7.854931 50.907391
-22.653717 -35.182464
-22.649845 -32.501032
41.592222 -23.057810
6.481377 52.025578
-21.133888 -34.280516
41.282161 -22.975758
40.203916 -25.067996
40.405329 -23.052737
8.152295 51.770550
39.402118 -25.743697
7.498624 49.068571
39.772766 -22.125836
39.709820 -22.196126
-21.147729 -32.929957
9.093389 48.907073
6.528846 50.139684
-23.604757 -33.454327
-22.148587 -35.100412
7.449039 50.889641
-22.089999 -35.385750
40.183603 -20.573503
40.773530 -22.817991
-23.316000 -32.899164
-20.862089 -34.758092
7.260476 49.760924
40.546004 -22.437805
5.464085 48.709990
-20.360501 -33.326728
6.374873 50.369029
40.865561 -22.462037
-21.443677 -33.795761
-23.917316 -35.504352
7.964764 47.856268
7.171460 49.540559
-22.934281 -32.776886
-23.900814 -33.936988
-23.230660 -34.004783
7.427045 48.077527
7.142986 49.342138
-22.033445 -30.752158
42.396577 -21.750722
40.344253 -22.904605
40.991391 -23.860078
39.909693 -21.890621
-21.370845 -33.414084
38.391088 -22.608581
5.096483 49.129244
41.995241 -22.907952
37.994323 -21.322456
-21.140075 -34.905690
-20.937954 -34.776116
6.315970 51.103791
8.582025 47.800195
-22.000392 -33.534073
9.363072 50.918021
39.886005 -20.933352
38.221423 -24.647324
-23.423582 -33.818281
5.419347 49.706687
6.873789 48.178902
39.551620 -22.694047
41.585836 -22.912040
-20.553015 -33.198632
-20.549793 -34.177251
7.052230 48.917935
7.007426 49.650869
5.071116 47.875366
7.453771 49.988269
40.220906 -24.940655
-19.912079 -35.486220
40.765295 -22.622727
-22.223433 -33.708292
6.588337 48.822384
-23.597331 -32.704485
-21.463712 -34.886290
39.779047 -21.793270
-21.371171 -34.921137
40.059788 -23.286099
42.390940 -25.469670
42.244281 -23.226722
8.200710 51.298906
6.028286 49.263417
39.164875 -23.401635
-20.240735 -35.937480
41.114450 -25.253637
-20.876993 -35.443126
-22.619682 -32.374908
42.625246 -22.709239
7.296377 49.071581
-19.314549 -34.373197
6.737304 51.714537
8.198941 50.689001
6.316630 49.987727
-22.453869 -34.068375
-24.088479 -32.311138
6.412804 48.778494
-20.442308 -33.323998
-22.612104 -33.008794
7.630716 50.582121
-19.872702 -32.350245
-19.755098 -33.115311
39.126582 -22.606984
40.090694 -23.533332
7.299123 48.747368
7.838264 49.090822
6.537607 50.488859
39.957763 -24.729834
7.427315 49.212594
-21.693374 -35.131875
38.653489 -22.294338
-22.571016 -33.382532
6.915362 51.625252
0.123281 3.628252
2.132477 -2.179466
-6.609315 0.522319
